Motion Sensor Data File Oct 15, 2024 2:31 PM
Time (s)	Distance (cm)	Dist Error (cm)
0.000	21.523	0.239
0.010	21.544	0.239
0.020	21.578	0.239
0.030	21.638	0.239
0.040	21.732	0.239
0.050	21.839	0.239
0.060	21.981	0.239
0.070	22.140	0.239
0.080	22.324	0.239
0.090	22.517	0.239
0.100	22.741	0.239
0.110	22.968	0.239
0.120	23.209	0.239
0.130	23.471	0.239
0.140	23.733	0.239
0.150	24.016	0.239
0.160	24.300	0.239
0.170	24.583	0.239
0.180	24.884	0.239
0.190	25.176	0.239
0.200	25.459	0.239
0.210	25.760	0.239
0.220	26.043	0.239
0.230	26.310	0.239
0.240	26.576	0.239
0.250	26.825	0.239
0.260	27.061	0.239
0.270	27.284	0.239
0.280	27.486	0.239
0.290	27.680	0.239
0.300	27.834	0.239
0.310	27.975	0.239
0.320	28.104	0.239
0.330	28.194	0.239
0.340	28.267	0.239
0.350	28.327	0.239
0.360	28.348	0.239
0.370	28.343	0.239
0.380	28.330	0.239
0.390	28.278	0.239
0.400	28.192	0.239
0.410	28.101	0.239
0.420	27.976	0.239
0.430	27.843	0.239
0.440	27.670	0.239
0.450	27.481	0.239
0.460	27.283	0.239
0.470	27.059	0.239
0.480	26.814	0.239
0.490	26.568	0.239
0.500	26.310	0.239
0.510	26.034	0.239
0.520	25.759	0.239
0.530	25.471	0.239
0.540	25.178	0.239
0.550	24.894	0.239
0.560	24.601	0.239
0.570	24.317	0.239
0.580	24.025	0.239
0.590	23.745	0.239
0.600	23.478	0.239
0.610	23.215	0.239
0.620	22.970	0.239
0.630	22.742	0.239
0.640	22.522	0.239
0.650	22.324	0.239
0.660	22.156	0.239
0.670	22.001	0.239
0.680	21.859	0.239
0.690	21.755	0.239
0.700	21.660	0.239
0.710	21.604	0.239
0.720	21.552	0.239
0.730	21.526	0.239
0.740	21.543	0.239
0.750	21.573	0.239
0.760	21.629	0.239
0.770	21.718	0.239
0.780	21.817	0.239
0.790	21.945	0.239
0.800	22.105	0.239
0.810	22.280	0.239
0.820	22.465	0.239
0.830	22.688	0.239
0.840	22.907	0.239
0.850	23.152	0.239
0.860	23.405	0.239
0.870	23.667	0.239
0.880	23.947	0.239
0.890	24.221	0.239
0.900	24.505	0.239
0.910	24.801	0.239
0.920	25.089	0.239
0.930	25.385	0.239
0.940	25.686	0.239
0.950	25.965	0.239
0.960	26.231	0.239
0.970	26.502	0.239
0.980	26.755	0.239
0.990	27.004	0.239
1.000	27.223	0.239
1.010	27.429	0.239
1.020	27.623	0.239
1.030	27.790	0.239
1.040	27.932	0.239
1.050	28.069	0.239
1.060	28.172	0.239
1.070	28.245	0.239
1.080	28.313	0.239
1.090	28.339	0.239
1.100	28.338	0.239
1.110	28.334	0.239
1.120	28.286	0.239
1.130	28.230	0.239
1.140	28.135	0.239
1.150	28.014	0.239
1.160	27.885	0.239
1.170	27.717	0.239
1.180	27.532	0.239
1.190	27.338	0.239
1.200	27.118	0.239
1.210	26.877	0.239
1.220	26.641	0.239
1.230	26.378	0.239
1.240	26.102	0.239
1.250	25.831	0.239
1.260	25.543	0.239
1.270	25.268	0.239
1.280	24.975	0.239
1.290	24.678	0.239
1.300	24.402	0.239
1.310	24.105	0.239
1.320	23.821	0.239
1.330	23.559	0.239
1.340	23.292	0.239
1.350	23.033	0.239
1.360	22.797	0.239
1.370	22.586	0.239
1.380	22.375	0.239
1.390	22.198	0.239
1.400	22.039	0.239
1.410	21.905	0.239
1.420	21.780	0.239
1.430	21.690	0.239
1.440	21.625	0.239
1.450	21.569	0.239
1.460	21.538	0.239
1.470	21.546	0.239
1.480	21.568	0.239
1.490	21.615	0.239
1.500	21.696	0.239
1.510	21.786	0.239
1.520	21.915	0.239
1.530	22.069	0.239
1.540	22.228	0.239
1.550	22.425	0.239
1.560	22.627	0.239
1.570	22.842	0.239
1.580	23.087	0.239
1.590	23.336	0.239
1.600	23.589	0.239
1.610	23.873	0.239
1.620	24.143	0.239
1.630	24.427	0.239
1.640	24.727	0.239
1.650	25.011	0.239
1.660	25.303	0.239
1.670	25.599	0.239
1.680	25.874	0.239
1.690	26.157	0.239
1.700	26.428	0.239
1.710	26.677	0.239
1.720	26.926	0.239
1.730	27.154	0.239
1.740	27.360	0.239
1.750	27.562	0.239
1.760	27.738	0.239
1.770	27.883	0.239
1.780	28.025	0.239
1.790	28.132	0.239
1.800	28.214	0.239
1.810	28.286	0.239
1.820	28.321	0.239
1.830	28.342	0.239
1.840	28.324	0.239
1.850	28.285	0.239
1.860	28.233	0.239
1.870	28.143	0.239
1.880	28.031	0.239
1.890	27.906	0.239
1.900	27.750	0.239
1.910	27.570	0.239
1.920	27.389	0.239
1.930	27.169	0.239
1.940	26.937	0.239
1.950	26.704	0.239
1.960	26.442	0.239
1.970	26.179	0.239
1.980	25.904	0.239
1.990	25.624	0.239
2.000	25.344	0.239
2.010	25.047	0.239
2.020	24.750	0.239
2.030	24.470	0.239
2.040	24.178	0.239
2.050	23.898	0.239
2.060	23.631	0.239
2.070	23.360	0.239
2.080	23.097	0.239
2.090	22.869	0.239
2.100	22.645	0.239
2.110	22.447	0.239
2.120	22.258	0.239
2.130	22.081	0.239
2.140	21.948	0.239
2.150	21.814	0.239
2.160	21.710	0.239
2.170	21.645	0.239
2.180	21.585	0.239
2.190	21.546	0.239
2.200	21.546	0.239
2.210	21.563	0.239
2.220	21.601	0.239
2.230	21.678	0.239
2.240	21.764	0.239
2.250	21.893	0.239
2.260	22.025	0.239
2.270	22.184	0.239
2.280	22.377	0.239
2.290	22.571	0.239
2.300	22.781	0.239
2.310	23.026	0.239
2.320	23.270	0.239
2.330	23.520	0.239
2.340	23.799	0.239
2.350	24.069	0.239
2.360	24.348	0.239
2.370	24.649	0.239
2.380	24.933	0.239
2.390	25.229	0.239
2.400	25.512	0.239
2.410	25.796	0.239
2.420	26.088	0.239
2.430	26.359	0.239
2.440	26.612	0.239
2.450	26.865	0.239
2.460	27.093	0.239
2.470	27.303	0.239
2.480	27.514	0.239
2.490	27.689	0.239
2.500	27.849	0.239
2.510	27.994	0.239
2.520	28.106	0.239
2.530	28.204	0.239
2.540	28.269	0.239
2.550	28.311	0.239
2.560	28.341	0.239
2.570	28.332	0.239
2.580	28.293	0.239
2.590	28.245	0.239
2.600	28.168	0.239
2.610	28.064	0.239
2.620	27.939	0.239
2.630	27.793	0.239
2.640	27.612	0.239
2.650	27.435	0.239
2.660	27.224	0.239
2.670	27.009	0.239
2.680	26.768	0.239
2.690	26.505	0.239
2.700	26.251	0.239
2.710	25.980	0.239
2.720	25.696	0.239
2.730	25.416	0.239
2.740	25.119	0.239
2.750	24.826	0.239
2.760	24.547	0.239
2.770	24.254	0.239
2.780	23.970	0.239
2.790	23.703	0.239
2.800	23.432	0.239
2.810	23.187	0.239
2.820	22.941	0.239
2.830	22.704	0.239
2.840	22.502	0.239
2.850	22.308	0.239
2.860	22.127	0.239
2.870	21.990	0.239
2.880	21.847	0.239
2.890	21.735	0.239
2.900	21.662	0.239
2.910	21.597	0.239
2.920	21.554	0.239
2.930	21.545	0.239
2.940	21.558	0.239
2.950	21.604	0.239
2.960	21.664	0.239
2.970	21.742	0.239
2.980	21.862	0.239
2.990	21.994	0.239
3.000	22.140	0.239
3.010	22.329	0.239
3.020	22.514	0.239
3.030	22.724	0.239
3.040	22.965	0.239
3.050	23.201	0.239
3.060	23.450	0.239
3.070	23.721	0.239
3.080	23.991	0.239
3.090	24.283	0.239
3.100	24.567	0.239
3.110	24.850	0.239
3.120	25.151	0.239
3.130	25.434	0.239
3.140	25.718	0.239
3.150	26.010	0.239
3.160	26.272	0.239
3.170	26.529	0.239
3.180	26.787	0.239
3.190	27.023	0.239
3.200	27.234	0.239
3.210	27.448	0.239
3.220	27.628	0.239
3.230	27.805	0.239
3.240	27.942	0.239
3.250	28.062	0.239
3.260	28.169	0.239
3.270	28.238	0.239
3.280	28.285	0.239
3.290	28.323	0.239
3.300	28.319	0.239
3.310	28.292	0.239
3.320	28.257	0.239
3.330	28.180	0.239
3.340	28.081	0.239
3.350	27.968	0.239
3.360	27.822	0.239
3.370	27.671	0.239
3.380	27.482	0.239
3.390	27.275	0.239
3.400	27.064	0.239
3.410	26.823	0.239
3.420	26.573	0.239
3.430	26.324	0.239
3.440	26.052	0.239
3.450	25.764	0.239
3.460	25.489	0.239
3.470	25.200	0.239
3.480	24.908	0.239
3.490	24.628	0.239
3.500	24.335	0.239
3.510	24.060	0.239
3.520	23.780	0.239
3.530	23.504	0.239
3.540	23.255	0.239
3.550	23.005	0.239
3.560	22.764	0.239
3.570	22.562	0.239
3.580	22.363	0.239
3.590	22.174	0.239
3.600	22.032	0.239
3.610	21.890	0.239
3.620	21.769	0.239
3.630	21.691	0.239
3.640	21.622	0.239
3.650	21.587	0.239
3.660	21.561	0.239
3.670	21.565	0.239
3.680	21.604	0.239
3.690	21.655	0.239
3.700	21.724	0.239
3.710	21.835	0.239
3.720	21.964	0.239
3.730	22.101	0.239
3.740	22.290	0.239
3.750	22.470	0.239
3.760	22.676	0.239
3.770	22.908	0.239
3.780	23.140	0.239
3.790	23.402	0.239
3.800	23.659	0.239
3.810	23.930	0.239
3.820	24.218	0.239
3.830	24.493	0.239
3.840	24.776	0.239
3.850	25.081	0.239
3.860	25.369	0.239
3.870	25.648	0.239
3.880	25.940	0.239
3.890	26.202	0.239
3.900	26.464	0.239
3.910	26.731	0.239
3.920	26.962	0.239
3.930	27.198	0.239
3.940	27.400	0.239
3.950	27.585	0.239
3.960	27.765	0.239
3.970	27.907	0.239
3.980	28.031	0.239
3.990	28.147	0.239
4.000	28.220	0.239
4.010	28.275	0.239
4.020	28.318	0.239
4.030	28.322	0.239
4.040	28.300	0.239
4.050	28.269	0.239
4.060	28.201	0.239
4.070	28.123	0.239
4.080	28.002	0.239
4.090	27.864	0.239
4.100	27.718	0.239
4.110	27.532	0.239
4.120	27.335	0.239
4.130	27.128	0.239
4.140	26.891	0.239
4.150	26.646	0.239
4.160	26.396	0.239
4.170	26.125	0.239
4.180	25.841	0.239
4.190	25.570	0.239
4.200	25.277	0.239
4.210	25.001	0.239
4.220	24.704	0.239
4.230	24.412	0.239
4.240	24.141	0.239
4.250	23.856	0.239
4.260	23.581	0.239
4.270	23.331	0.239
4.280	23.073	0.239
4.290	22.836	0.239
4.300	22.630	0.239
4.310	22.418	0.239
4.320	22.234	0.239
4.330	22.078	0.239
4.340	21.932	0.239
4.350	21.807	0.239
4.360	21.725	0.239
4.370	21.647	0.239
4.380	21.604	0.239
4.390	21.569	0.239
4.400	21.564	0.239
4.410	21.598	0.239
4.420	21.646	0.239
4.430	21.710	0.239
4.440	21.813	0.239
4.450	21.937	0.239
4.460	22.070	0.239
4.470	22.246	0.239
4.480	22.426	0.239
4.490	22.624	0.239
4.500	22.851	0.239
4.510	23.079	0.239
4.520	23.337	0.239
4.530	23.590	0.239
4.540	23.861	0.239
4.550	24.144	0.239
4.560	24.419	0.239
4.570	24.702	0.239
4.580	25.003	0.239
4.590	25.287	0.239
4.600	25.570	0.239
4.610	25.858	0.239
4.620	26.132	0.239
4.630	26.395	0.239
4.640	26.661	0.239
4.650	26.897	0.239
4.660	27.133	0.239
4.670	27.344	0.239
4.680	27.528	0.239
4.690	27.713	0.239
4.700	27.863	0.239
4.710	27.992	0.239
4.720	28.112	0.239
4.730	28.197	0.239
4.740	28.253	0.239
4.750	28.300	0.239
4.760	28.312	0.239
4.770	28.299	0.239
4.780	28.273	0.239
4.790	28.213	0.239
4.800	28.143	0.239
4.810	28.031	0.239
4.820	27.894	0.239
4.830	27.756	0.239
4.840	27.575	0.239
4.850	27.381	0.239
4.860	27.183	0.239
4.870	26.950	0.239
4.880	26.705	0.239
4.890	26.460	0.239
4.900	26.188	0.239
4.910	25.917	0.239
4.920	25.646	0.239
4.930	25.358	0.239
4.940	25.078	0.239
4.950	24.785	0.239
4.960	24.497	0.239
4.970	24.217	0.239
4.980	23.933	0.239
4.990	23.653	0.239
5.000	23.404	0.239
5.010	23.141	0.239
5.020	22.900	0.239
5.030	22.685	0.239
5.040	22.474	0.239
5.050	22.284	0.239
5.060	22.120	0.239
5.070	21.974	0.239
5.080	21.853	0.239
5.090	21.750	0.239
5.100	21.668	0.239
5.110	21.620	0.239
5.120	21.586	0.239
5.130	21.572	0.239
5.140	21.598	0.239
5.150	21.636	0.239
5.160	21.696	0.239
5.170	21.790	0.239
5.180	21.906	0.239
5.190	22.039	0.239
5.200	22.202	0.239
5.210	22.382	0.239
5.220	22.584	0.239
5.230	22.795	0.239
5.240	23.022	0.239
5.250	23.275	0.239
5.260	23.525	0.239
5.270	23.787	0.239
5.280	24.070	0.239
5.290	24.345	0.239
5.300	24.628	0.239
5.310	24.925	0.239
5.320	25.208	0.239
5.330	25.487	0.239
5.340	25.779	0.239
5.350	26.055	0.239
5.360	26.334	0.239
5.370	26.583	0.239
5.380	26.823	0.239
5.390	27.063	0.239
5.400	27.274	0.239
5.410	27.467	0.239
5.420	27.660	0.239
5.430	27.815	0.239
5.440	27.944	0.239
5.450	28.072	0.239
5.460	28.158	0.239
5.470	28.226	0.239
5.480	28.282	0.239
5.490	28.299	0.239
5.500	28.303	0.239
5.510	28.273	0.239
5.520	28.216	0.239
5.530	28.151	0.239
5.540	28.048	0.239
5.550	27.919	0.239
5.560	27.781	0.239
5.570	27.609	0.239
5.580	27.423	0.239
5.590	27.225	0.239
5.600	27.001	0.239
5.610	26.764	0.239
5.620	26.519	0.239
5.630	26.257	0.239
5.640	25.998	0.239
5.650	25.714	0.239
5.660	25.426	0.239
5.670	25.146	0.239
5.680	24.853	0.239
5.690	24.565	0.239
5.700	24.285	0.239
5.710	24.001	0.239
5.720	23.721	0.239
5.730	23.467	0.239
5.740	23.209	0.239
5.750	22.964	0.239
5.760	22.744	0.239
5.770	22.529	0.239
5.780	22.348	0.239
5.790	22.163	0.239
5.800	22.012	0.239
5.810	21.887	0.239
5.820	21.770	0.239
5.830	21.684	0.239
5.840	21.632	0.239
5.850	21.589	0.239
5.860	21.571	0.239
5.870	21.593	0.239
5.880	21.623	0.239
5.890	21.678	0.239
5.900	21.764	0.239
5.910	21.871	0.239
5.920	22.013	0.239
5.930	22.154	0.239
5.940	22.326	0.239
5.950	22.523	0.239
5.960	22.729	0.239
5.970	22.953	0.239
5.980	23.197	0.239
5.990	23.447	0.239
6.000	23.704	0.239
6.010	23.983	0.239
6.020	24.262	0.239
6.030	24.542	0.239
6.040	24.834	0.239
6.050	25.117	0.239
6.060	25.413	0.239
6.070	25.697	0.239
6.080	25.972	0.239
6.090	26.251	0.239
6.100	26.504	0.239
6.110	26.753	0.239
6.120	26.998	0.239
6.130	27.213	0.239
6.140	27.410	0.239
6.150	27.603	0.239
6.160	27.767	0.239
6.170	27.904	0.239
6.180	28.037	0.239
6.190	28.131	0.239
6.200	28.221	0.239
6.210	28.268	0.239
6.220	28.289	0.239
6.230	28.306	0.239
6.240	28.276	0.239
6.250	28.228	0.239
6.260	28.168	0.239
6.270	28.073	0.239
6.280	27.948	0.239
6.290	27.818	0.239
6.300	27.655	0.239
6.310	27.470	0.239
6.320	27.280	0.239
6.330	27.056	0.239
6.340	26.832	0.239
6.350	26.583	0.239
6.360	26.329	0.239
6.370	26.066	0.239
6.380	25.786	0.239
6.390	25.498	0.239
6.400	25.223	0.239
6.410	24.934	0.239
6.420	24.642	0.239
6.430	24.366	0.239
6.440	24.082	0.239
6.450	23.802	0.239
6.460	23.548	0.239
6.470	23.286	0.239
6.480	23.049	0.239
6.490	22.808	0.239
6.500	22.593	0.239
6.510	22.403	0.239
6.520	22.218	0.239
6.530	22.059	0.239
6.540	21.933	0.239
6.550	21.813	0.239
6.560	21.718	0.239
6.570	21.662	0.239
6.580	21.610	0.239
6.590	21.588	0.239
6.600	21.596	0.239
6.610	21.626	0.239
6.620	21.681	0.239
6.630	21.750	0.239
6.640	21.844	0.239
6.650	21.982	0.239
6.660	22.119	0.239
6.670	22.286	0.239
6.680	22.480	0.239
6.690	22.686	0.239
6.700	22.900	0.239
6.710	23.141	0.239
6.720	23.386	0.239
6.730	23.643	0.239
6.740	23.918	0.239
6.750	24.193	0.239
6.760	24.481	0.239
6.770	24.764	0.239
6.780	25.047	0.239
6.790	25.344	0.239
6.800	25.623	0.239
6.810	25.894	0.239
6.820	26.177	0.239
6.830	26.439	0.239
6.840	26.688	0.239
6.850	26.933	0.239
6.860	27.152	0.239
6.870	27.358	0.239
6.880	27.551	0.239
6.890	27.723	0.239
6.900	27.877	0.239
6.910	28.002	0.239
6.920	28.105	0.239
6.930	28.195	0.239
6.940	28.250	0.239
6.950	28.280	0.239
6.960	28.297	0.239
6.970	28.279	0.239
6.980	28.240	0.239
6.990	28.184	0.239
7.000	28.094	0.239
7.010	27.977	0.239
7.020	27.857	0.239
7.030	27.697	0.239
7.040	27.533	0.239
7.050	27.336	0.239
7.060	27.120	0.239
7.070	26.896	0.239
7.080	26.655	0.239
7.090	26.397	0.239
7.100	26.138	0.239
7.110	25.859	0.239
7.120	25.579	0.239
7.130	25.303	0.239
7.140	25.015	0.239
7.150	24.731	0.239
7.160	24.451	0.239
7.170	24.163	0.239
7.180	23.896	0.239
7.190	23.620	0.239
7.200	23.354	0.239
7.210	23.108	0.239
7.220	22.876	0.239
7.230	22.652	0.239
7.240	22.454	0.239
7.250	22.273	0.239
7.260	22.101	0.239
7.270	21.976	0.239
7.280	21.842	0.239
7.290	21.743	0.239
7.300	21.682	0.239
7.310	21.626	0.239
7.320	21.609	0.239
7.330	21.600	0.239
7.340	21.617	0.239
7.350	21.668	0.239
7.360	21.732	0.239
7.370	21.818	0.239
7.380	21.951	0.239
7.390	22.084	0.239
7.400	22.247	0.239
7.410	22.436	0.239
7.420	22.633	0.239
7.430	22.839	0.239
7.440	23.080	0.239
7.450	23.320	0.239
7.460	23.591	0.239
7.470	23.853	0.239
7.480	24.119	0.239
7.490	24.407	0.239
7.500	24.690	0.239
7.510	24.974	0.239
7.520	25.270	0.239
7.530	25.549	0.239
7.540	25.824	0.239
7.550	26.112	0.239
7.560	26.374	0.239
7.570	26.619	0.239
7.580	26.872	0.239
7.590	27.095	0.239
7.600	27.314	0.239
7.610	27.503	0.239
7.620	27.675	0.239
7.630	27.838	0.239
7.640	27.966	0.239
7.650	28.078	0.239
7.660	28.172	0.239
7.670	28.232	0.239
7.680	28.271	0.239
7.690	28.296	0.239
7.700	28.283	0.239
7.710	28.248	0.239
7.720	28.201	0.239
7.730	28.114	0.239
7.740	28.019	0.239
7.750	27.886	0.239
7.760	27.739	0.239
7.770	27.571	0.239
7.780	27.382	0.239
7.790	27.167	0.239
7.800	26.955	0.239
7.810	26.715	0.239
7.820	26.460	0.239
7.830	26.202	0.239
7.840	25.935	0.239
7.850	25.660	0.239
7.860	25.384	0.239
7.870	25.096	0.239
7.880	24.812	0.239
7.890	24.524	0.239
7.900	24.235	0.239
7.910	23.968	0.239
7.920	23.693	0.239
7.930	23.422	0.239
7.940	23.180	0.239
7.950	22.944	0.239
7.960	22.716	0.239
7.970	22.513	0.239
7.980	22.324	0.239
7.990	22.147	0.239
8.000	22.013	0.239
8.010	21.880	0.239
8.020	21.785	0.239
8.030	21.703	0.239
8.040	21.638	0.239
8.050	21.612	0.239
8.060	21.599	0.239
8.070	21.611	0.239
8.080	21.663	0.239
8.090	21.723	0.239
8.100	21.804	0.239
8.110	21.924	0.239
8.120	22.053	0.239
8.130	22.203	0.239
8.140	22.388	0.239
8.150	22.577	0.239
8.160	22.796	0.239
8.170	23.023	0.239
8.180	23.259	0.239
8.190	23.517	0.239
8.200	23.779	0.239
8.210	24.049	0.239
8.220	24.333	0.239
8.230	24.616	0.239
8.240	24.896	0.239
8.250	25.188	0.239
8.260	25.467	0.239
8.270	25.750	0.239
8.280	26.033	0.239
8.290	26.296	0.239
8.300	26.558	0.239
8.310	26.798	0.239
8.320	27.030	0.239
8.330	27.249	0.239
8.340	27.446	0.239
8.350	27.618	0.239
8.360	27.790	0.239
8.370	27.923	0.239
8.380	28.034	0.239
8.390	28.137	0.239
8.400	28.205	0.239
8.410	28.248	0.239
8.420	28.282	0.239
8.430	28.278	0.239
8.440	28.260	0.239
8.450	28.208	0.239
8.460	28.131	0.239
8.470	28.045	0.239
8.480	27.915	0.239
8.490	27.769	0.239
8.500	27.613	0.239
8.510	27.428	0.239
8.520	27.222	0.239
8.530	27.015	0.239
8.540	26.778	0.239
8.550	26.524	0.239
8.560	26.279	0.239
8.570	26.008	0.239
8.580	25.741	0.239
8.590	25.453	0.239
8.600	25.164	0.239
8.610	24.888	0.239
8.620	24.596	0.239
8.630	24.307	0.239
8.640	24.040	0.239
8.650	23.765	0.239
8.660	23.498	0.239
8.670	23.248	0.239
8.680	23.008	0.239
8.690	22.771	0.239
8.700	22.572	0.239
8.710	22.379	0.239
8.720	22.211	0.239
8.730	22.056	0.239
8.740	21.918	0.239
8.750	21.814	0.239
8.760	21.728	0.239
8.770	21.663	0.239
8.780	21.633	0.239
8.790	21.615	0.239
8.800	21.620	0.239
8.810	21.662	0.239
8.820	21.709	0.239
8.830	21.782	0.239
8.840	21.902	0.239
8.850	22.026	0.239
8.860	22.176	0.239
8.870	22.352	0.239
8.880	22.533	0.239
8.890	22.752	0.239
8.900	22.975	0.239
8.910	23.202	0.239
8.920	23.456	0.239
8.930	23.714	0.239
8.940	23.980	0.239
8.950	24.263	0.239
8.960	24.538	0.239
8.970	24.822	0.239
8.980	25.114	0.239
8.990	25.397	0.239
9.000	25.689	0.239
9.010	25.960	0.239
9.020	26.222	0.239
9.030	26.492	0.239
9.040	26.737	0.239
9.050	26.969	0.239
9.060	27.197	0.239
9.070	27.394	0.239
9.080	27.574	0.239
9.090	27.746	0.239
9.100	27.883	0.239
9.110	28.008	0.239
9.120	28.115	0.239
9.130	28.188	0.239
9.140	28.248	0.239
9.150	28.277	0.239
9.160	28.277	0.239
9.170	28.264	0.239
9.180	28.216	0.239
9.190	28.147	0.239
9.200	28.065	0.239
9.210	27.944	0.239
9.220	27.806	0.239
9.230	27.656	0.239
9.240	27.475	0.239
9.250	27.272	0.239
9.260	27.070	0.239
9.270	26.838	0.239
9.280	26.601	0.239
9.290	26.347	0.239
9.300	26.076	0.239
9.310	25.809	0.239
9.320	25.525	0.239
9.330	25.241	0.239
9.340	24.965	0.239
9.350	24.677	0.239
9.360	24.384	0.239
9.370	24.113	0.239
9.380	23.837	0.239
9.390	23.566	0.239
9.400	23.325	0.239
9.410	23.071	0.239
9.420	22.851	0.239
9.430	22.636	0.239
9.440	22.430	0.239
9.450	22.262	0.239
9.460	22.098	0.239
9.470	21.960	0.239
9.480	21.848	0.239
9.490	21.753	0.239
9.500	21.684	0.239
9.510	21.645	0.239
9.520	21.619	0.239
9.530	21.614	0.239
9.540	21.648	0.239
9.550	21.695	0.239
9.560	21.764	0.239
9.570	21.871	0.239
9.580	21.995	0.239
9.590	22.141	0.239
9.600	22.305	0.239
9.610	22.480	0.239
9.620	22.695	0.239
9.630	22.905	0.239
9.640	23.133	0.239
9.650	23.391	0.239
9.660	23.640	0.239
9.670	23.902	0.239
9.680	24.185	0.239
9.690	24.456	0.239
9.700	24.739	0.239
9.710	25.035	0.239
9.720	25.315	0.239
9.730	25.603	0.239
9.740	25.873	0.239
9.750	26.139	0.239
9.760	26.414	0.239
9.770	26.663	0.239
9.780	26.891	0.239
9.790	27.127	0.239
9.800	27.329	0.239
9.810	27.514	0.239
9.820	27.689	0.239
9.830	27.839	0.239
9.840	27.959	0.239
9.850	28.080	0.239
9.860	28.157	0.239
9.870	28.225	0.239
9.880	28.255	0.239
9.890	28.263	0.239
9.900	28.263	0.239
9.910	28.220	0.239
9.920	28.155	0.239
9.930	28.082	0.239
9.940	27.965	0.239
9.950	27.836	0.239
9.960	27.694	0.239
9.970	27.513	0.239
9.980	27.319	0.239
9.990	27.121	0.239
10.000	26.888	0.239
10.010	26.665	0.239
10.020	26.406	0.239
10.030	26.139	0.239
10.040	25.877	0.239
10.050	25.597	0.239
10.060	25.317	0.239
10.070	25.038	0.239
10.080	24.749	0.239
10.090	24.461	0.239
10.100	24.190	0.239
10.110	23.910	0.239
10.120	23.638	0.239
10.130	23.389	0.239
10.140	23.135	0.239
10.150	22.915	0.239
10.160	22.692	0.239
10.170	22.480	0.239
10.180	22.312	0.239
10.190	22.136	0.239
10.200	21.998	0.239
10.210	21.881	0.239
10.220	21.778	0.239
10.230	21.700	0.239
10.240	21.657	0.239
10.250	21.627	0.239
10.260	21.618	0.239
10.270	21.647	0.239
10.280	21.686	0.239
10.290	21.759	0.239
10.300	21.844	0.239
10.310	21.964	0.239
10.320	22.102	0.239
10.330	22.256	0.239
10.340	22.428	0.239
10.350	22.638	0.239
10.360	22.840	0.239
10.370	23.063	0.239
10.380	23.321	0.239
10.390	23.570	0.239
10.400	23.832	0.239
10.410	24.111	0.239
10.420	24.382	0.239
10.430	24.674	0.239
10.440	24.957	0.239
10.450	25.232	0.239
10.460	25.520	0.239
10.470	25.795	0.239
10.480	26.065	0.239
10.490	26.341	0.239
10.500	26.585	0.239
10.510	26.817	0.239
10.520	27.057	0.239
10.530	27.263	0.239
10.540	27.452	0.239
10.550	27.633	0.239
10.560	27.787	0.239
10.570	27.928	0.239
10.580	28.040	0.239
10.590	28.126	0.239
10.600	28.199	0.239
10.610	28.233	0.239
10.620	28.250	0.239
10.630	28.254	0.239
10.640	28.219	0.239
10.650	28.159	0.239
10.660	28.094	0.239
10.670	27.981	0.239
10.680	27.857	0.239
10.690	27.719	0.239
10.700	27.546	0.239
10.710	27.374	0.239
10.720	27.163	0.239
10.730	26.943	0.239
10.740	26.720	0.239
10.750	26.461	0.239
10.760	26.199	0.239
10.770	25.949	0.239
10.780	25.669	0.239
10.790	25.385	0.239
10.800	25.106	0.239
10.810	24.817	0.239
10.820	24.529	0.239
10.830	24.262	0.239
10.840	23.978	0.239
10.850	23.720	0.239
10.860	23.453	0.239
10.870	23.198	0.239
10.880	22.979	0.239
10.890	22.747	0.239
10.900	22.540	0.239
10.910	22.359	0.239
10.920	22.187	0.239
10.930	22.036	0.239
10.940	21.915	0.239
10.950	21.803	0.239
10.960	21.721	0.239
10.970	21.674	0.239
10.980	21.635	0.239
10.990	21.630	0.239
11.000	21.642	0.239
11.010	21.677	0.239
11.020	21.745	0.239
11.030	21.822	0.239
11.040	21.930	0.239
11.050	22.067	0.239
11.060	22.213	0.239
11.070	22.380	0.239
11.080	22.582	0.239
11.090	22.779	0.239
11.100	23.007	0.239
11.110	23.251	0.239
11.120	23.496	0.239
11.130	23.767	0.239
11.140	24.033	0.239
11.150	24.304	0.239
11.160	24.591	0.239
11.170	24.871	0.239
11.180	25.150	0.239
11.190	25.442	0.239
11.200	25.717	0.239
11.210	25.987	0.239
11.220	26.258	0.239
11.230	26.503	0.239
11.240	26.747	0.239
11.250	26.988	0.239
11.260	27.198	0.239
11.270	27.409	0.239
11.280	27.580	0.239
11.290	27.739	0.239
11.300	27.885	0.239
11.310	28.001	0.239
11.320	28.091	0.239
11.330	28.172	0.239
11.340	28.215	0.239
11.350	28.236	0.239
11.360	28.244	0.239
11.370	28.218	0.239
11.380	28.166	0.239
11.390	28.106	0.239
11.400	28.002	0.239
11.410	27.895	0.239
11.420	27.756	0.239
11.430	27.589	0.239
11.440	27.421	0.239
11.450	27.214	0.239
11.460	26.999	0.239
11.470	26.775	0.239
11.480	26.525	0.239
11.490	26.271	0.239
11.500	26.017	0.239
11.510	25.733	0.239
11.520	25.449	0.239
11.530	25.178	0.239
11.540	24.889	0.239
11.550	24.618	0.239
11.560	24.334	0.239
11.570	24.054	0.239
11.580	23.792	0.239
11.590	23.525	0.239
11.600	23.271	0.239
11.610	23.039	0.239
11.620	22.806	0.239
11.630	22.595	0.239
11.640	22.410	0.239
11.650	22.233	0.239
11.660	22.069	0.239
11.670	21.949	0.239
11.680	21.828	0.239
11.690	21.755	0.239
11.700	21.686	0.239
11.710	21.642	0.239
11.720	21.638	0.239
11.730	21.638	0.239
11.740	21.667	0.239
11.750	21.727	0.239
11.760	21.800	0.239
11.770	21.894	0.239
11.780	22.031	0.239
11.790	22.164	0.239
11.800	22.336	0.239
11.810	22.529	0.239
11.820	22.727	0.239
11.830	22.959	0.239
11.840	23.186	0.239
11.850	23.427	0.239
11.860	23.697	0.239
11.870	23.959	0.239
11.880	24.234	0.239
11.890	24.518	0.239
11.900	24.793	0.239
11.910	25.072	0.239
11.920	25.368	0.239
11.930	25.638	0.239
11.940	25.909	0.239
11.950	26.180	0.239
11.960	26.437	0.239
11.970	26.695	0.239
11.980	26.923	0.239
11.990	27.137	0.239
12.000	27.352	0.239
12.010	27.528	0.239
12.020	27.691	0.239
12.030	27.846	0.239
12.040	27.961	0.239
12.050	28.060	0.239
12.060	28.150	0.239
12.070	28.197	0.239
12.080	28.226	0.239
12.090	28.239	0.239
12.100	28.217	0.239
12.110	28.187	0.239
12.120	28.122	0.239
12.130	28.023	0.239
12.140	27.919	0.239
12.150	27.786	0.239
12.160	27.627	0.239
12.170	27.459	0.239
12.180	27.260	0.239
12.190	27.050	0.239
12.200	26.830	0.239
12.210	26.584	0.239
12.220	26.335	0.239
12.230	26.076	0.239
12.240	25.797	0.239
12.250	25.530	0.239
12.260	25.250	0.239
12.270	24.966	0.239
12.280	24.691	0.239
12.290	24.406	0.239
12.300	24.123	0.239
12.310	23.860	0.239
12.320	23.593	0.239
12.330	23.335	0.239
12.340	23.098	0.239
12.350	22.861	0.239
12.360	22.650	0.239
12.370	22.456	0.239
12.380	22.280	0.239
12.390	22.120	0.239
12.400	21.987	0.239
12.410	21.857	0.239
12.420	21.776	0.239
12.430	21.706	0.239
12.440	21.659	0.239
12.450	21.641	0.239
12.460	21.637	0.239
12.470	21.658	0.239
12.480	21.713	0.239
12.490	21.778	0.239
12.500	21.868	0.239
12.510	22.009	0.239
12.520	22.133	0.239
12.530	22.314	0.239
12.540	22.477	0.239
12.550	22.683	0.239
12.560	22.902	0.239
12.570	23.125	0.239
12.580	23.370	0.239
12.590	23.632	0.239
12.600	23.890	0.239
12.610	24.156	0.239
12.620	24.444	0.239
12.630	24.723	0.239
12.640	25.002	0.239
12.650	25.294	0.239
12.660	25.565	0.239
12.670	25.844	0.239
12.680	26.110	0.239
12.690	26.372	0.239
12.700	26.626	0.239
12.710	26.857	0.239
12.720	27.076	0.239
12.730	27.291	0.239
12.740	27.476	0.239
12.750	27.643	0.239
12.760	27.802	0.239
12.770	27.926	0.239
12.780	28.033	0.239
12.790	28.123	0.239
12.800	28.179	0.239
12.810	28.221	0.239
12.820	28.230	0.239
12.830	28.217	0.239
12.840	28.190	0.239
12.850	28.130	0.239
12.860	28.044	0.239
12.870	27.944	0.239
12.880	27.815	0.239
12.890	27.660	0.239
12.900	27.501	0.239
12.910	27.311	0.239
12.920	27.100	0.239
12.930	26.885	0.239
12.940	26.653	0.239
12.950	26.411	0.239
12.960	26.144	0.239
12.970	25.874	0.239
12.980	25.615	0.239
12.990	25.331	0.239
13.000	25.043	0.239
13.010	24.767	0.239
13.020	24.479	0.239
13.030	24.199	0.239
13.040	23.932	0.239
13.050	23.665	0.239
13.060	23.403	0.239
13.070	23.166	0.239
13.080	22.933	0.239
13.090	22.722	0.239
13.100	22.511	0.239
13.110	22.331	0.239
13.120	22.167	0.239
13.130	22.029	0.239
13.140	21.899	0.239
13.150	21.805	0.239
13.160	21.723	0.239
13.170	21.671	0.239
13.180	21.649	0.239
13.190	21.640	0.239
13.200	21.653	0.239
13.210	21.704	0.239
13.220	21.764	0.239
13.230	21.858	0.239
13.240	21.970	0.239
13.250	22.099	0.239
13.260	22.266	0.239
13.270	22.429	0.239
13.280	22.626	0.239
13.290	22.837	0.239
13.300	23.064	0.239
13.310	23.300	0.239
13.320	23.558	0.239
13.330	23.816	0.239
13.340	24.078	0.239
13.350	24.361	0.239
13.360	24.640	0.239
13.370	24.928	0.239
13.380	25.207	0.239
13.390	25.482	0.239
13.400	25.766	0.239
13.410	26.036	0.239
13.420	26.290	0.239
13.430	26.547	0.239
13.440	26.788	0.239
13.450	27.011	0.239
13.460	27.226	0.239
13.470	27.419	0.239
13.480	27.586	0.239
13.490	27.749	0.239
13.500	27.882	0.239
13.510	28.002	0.239
13.520	28.088	0.239
13.530	28.152	0.239
13.540	28.204	0.239
13.550	28.220	0.239
13.560	28.216	0.239
13.570	28.194	0.239
13.580	28.138	0.239
13.590	28.056	0.239
13.600	27.961	0.239
13.610	27.840	0.239
13.620	27.694	0.239
13.630	27.538	0.239
13.640	27.354	0.239
13.650	27.160	0.239
13.660	26.940	0.239
13.670	26.708	0.239
13.680	26.466	0.239
13.690	26.208	0.239
13.700	25.946	0.239
13.710	25.683	0.239
13.720	25.399	0.239
13.730	25.111	0.239
13.740	24.835	0.239
13.750	24.551	0.239
13.760	24.271	0.239
13.770	24.004	0.239
13.780	23.729	0.239
13.790	23.479	0.239
13.800	23.229	0.239
13.810	22.993	0.239
13.820	22.778	0.239
13.830	22.566	0.239
13.840	22.377	0.239
13.850	22.218	0.239
13.860	22.067	0.239
13.870	21.933	0.239
13.880	21.834	0.239
13.890	21.748	0.239
13.900	21.687	0.239
13.910	21.661	0.239
13.920	21.644	0.239
13.930	21.665	0.239
13.940	21.695	0.239
13.950	21.746	0.239
13.960	21.840	0.239
13.970	21.948	0.239
13.980	22.072	0.239
13.990	22.226	0.239
14.000	22.394	0.239
14.010	22.578	0.239
14.020	22.784	0.239
14.030	23.008	0.239
14.040	23.235	0.239
14.050	23.489	0.239
14.060	23.746	0.239
14.070	24.025	0.239
14.080	24.292	0.239
14.090	24.566	0.239
14.100	24.854	0.239
14.110	25.133	0.239
14.120	25.408	0.239
14.130	25.696	0.239
14.140	25.963	0.239
14.150	26.216	0.239
14.160	26.478	0.239
14.170	26.722	0.239
14.180	26.946	0.239
14.190	27.165	0.239
14.200	27.362	0.239
14.210	27.547	0.239
14.220	27.705	0.239
14.230	27.843	0.239
14.240	27.967	0.239
14.250	28.066	0.239
14.260	28.130	0.239
14.270	28.190	0.239
14.280	28.207	0.239
14.290	28.206	0.239
14.300	28.193	0.239
14.310	28.146	0.239
14.320	28.072	0.239
14.330	27.986	0.239
14.340	27.865	0.239
14.350	27.727	0.239
14.360	27.577	0.239
14.370	27.400	0.239
14.380	27.210	0.239
14.390	26.995	0.239
14.400	26.763	0.239
14.410	26.526	0.239
14.420	26.276	0.239
14.430	26.014	0.239
14.440	25.751	0.239
14.450	25.467	0.239
14.460	25.187	0.239
14.470	24.912	0.239
14.480	24.628	0.239
14.490	24.339	0.239
14.500	24.072	0.239
14.510	23.801	0.239
14.520	23.552	0.239
14.530	23.297	0.239
14.540	23.052	0.239
14.550	22.833	0.239
14.560	22.630	0.239
14.570	22.428	0.239
14.580	22.264	0.239
14.590	22.105	0.239
14.600	21.967	0.239
14.610	21.859	0.239
14.620	21.768	0.239
14.630	21.700	0.239
14.640	21.665	0.239
14.650	21.647	0.239
14.660	21.660	0.239
14.670	21.685	0.239
14.680	21.732	0.239
14.690	21.818	0.239
14.700	21.917	0.239
14.710	22.037	0.239
14.720	22.178	0.239
14.730	22.346	0.239
14.740	22.517	0.239
14.750	22.728	0.239
14.760	22.942	0.239
14.770	23.165	0.239
14.780	23.419	0.239
14.790	23.668	0.239
14.800	23.943	0.239
14.810	24.213	0.239
14.820	24.480	0.239
14.830	24.772	0.239
14.840	25.055	0.239
14.850	25.330	0.239
14.860	25.614	0.239
14.870	25.880	0.239
14.880	26.138	0.239
14.890	26.412	0.239
14.900	26.648	0.239
14.910	26.876	0.239
14.920	27.108	0.239
14.930	27.301	0.239
14.940	27.494	0.239
14.950	27.658	0.239
14.960	27.799	0.239
14.970	27.932	0.239
14.980	28.030	0.239
14.990	28.108	0.239
15.000	28.172	0.239
15.010	28.202	0.239
15.020	28.206	0.239
15.030	28.197	0.239
15.040	28.158	0.239
15.050	28.088	0.239
15.060	28.011	0.239
15.070	27.895	0.239
15.080	27.778	0.239
15.090	27.619	0.239
15.100	27.442	0.239
15.110	27.261	0.239
15.120	27.050	0.239
15.130	26.822	0.239
15.140	26.594	0.239
15.150	26.349	0.239
15.160	26.082	0.239
15.170	25.819	0.239
15.180	25.544	0.239
15.190	25.259	0.239
15.200	24.993	0.239
15.210	24.704	0.239
15.220	24.433	0.239
15.230	24.154	0.239
15.240	23.882	0.239
15.250	23.628	0.239
15.260	23.370	0.239
15.270	23.120	0.239
15.280	22.905	0.239
15.290	22.690	0.239
15.300	22.483	0.239
15.310	22.319	0.239
15.320	22.147	0.239
15.330	22.013	0.239
15.340	21.897	0.239
15.350	21.798	0.239
15.360	21.737	0.239
15.370	21.685	0.239
15.380	21.660	0.239
15.390	21.663	0.239
15.400	21.680	0.239
15.410	21.723	0.239
15.420	21.796	0.239
15.430	21.886	0.239
15.440	22.006	0.239
15.450	22.143	0.239
15.460	22.302	0.239
15.470	22.469	0.239
15.480	22.679	0.239
15.490	22.885	0.239
15.500	23.122	0.239
15.510	23.358	0.239
15.520	23.603	0.239
15.530	23.873	0.239
15.540	24.140	0.239
15.550	24.410	0.239
15.560	24.698	0.239
15.570	24.977	0.239
15.580	25.252	0.239
15.590	25.536	0.239
15.600	25.806	0.239
15.610	26.072	0.239
15.620	26.338	0.239
15.630	26.579	0.239
15.640	26.820	0.239
15.650	27.043	0.239
15.660	27.240	0.239
15.670	27.442	0.239
15.680	27.605	0.239
15.690	27.755	0.239
15.700	27.892	0.239
15.710	27.996	0.239
15.720	28.081	0.239
15.730	28.150	0.239
15.740	28.188	0.239
15.750	28.196	0.239
15.760	28.196	0.239
15.770	28.157	0.239
15.780	28.114	0.239
15.790	28.027	0.239
15.800	27.919	0.239
15.810	27.803	0.239
15.820	27.652	0.239
15.830	27.480	0.239
15.840	27.308	0.239
15.850	27.101	0.239
15.860	26.877	0.239
15.870	26.658	0.239
15.880	26.408	0.239
15.890	26.141	0.239
15.900	25.887	0.239
15.910	25.616	0.239
15.920	25.349	0.239
15.930	25.065	0.239
15.940	24.777	0.239
15.950	24.505	0.239
15.960	24.226	0.239
15.970	23.950	0.239
15.980	23.696	0.239
15.990	23.438	0.239
16.000	23.184	0.239
16.010	22.965	0.239
16.020	22.745	0.239
16.030	22.534	0.239
16.040	22.366	0.239
16.050	22.194	0.239
16.060	22.064	0.239
16.070	21.935	0.239
16.080	21.823	0.239
16.090	21.758	0.239
16.100	21.702	0.239
16.110	21.667	0.239
16.120	21.667	0.239
16.130	21.679	0.239
16.140	21.714	0.239
16.150	21.782	0.239
16.160	21.863	0.239
16.170	21.979	0.239
16.180	22.117	0.239
16.190	22.267	0.239
16.200	22.443	0.239
16.210	22.636	0.239
16.220	22.829	0.239
16.230	23.065	0.239
16.240	23.297	0.239
16.250	23.537	0.239
16.260	23.804	0.239
16.270	24.066	0.239
16.280	24.336	0.239
16.290	24.624	0.239
16.300	24.899	0.239
16.310	25.174	0.239
16.320	25.462	0.239
16.330	25.736	0.239
16.340	26.015	0.239
16.350	26.265	0.239
16.360	26.509	0.239
16.370	26.763	0.239
16.380	26.982	0.239
16.390	27.184	0.239
16.400	27.390	0.239
16.410	27.561	0.239
16.420	27.711	0.239
16.430	27.853	0.239
16.440	27.965	0.239
16.450	28.054	0.239
16.460	28.127	0.239
16.470	28.174	0.239
16.480	28.200	0.239
16.490	28.191	0.239
16.500	28.165	0.239
16.510	28.122	0.239
16.520	28.044	0.239
16.530	27.940	0.239
16.540	27.833	0.239
16.550	27.690	0.239
16.560	27.522	0.239
16.570	27.354	0.239
16.580	27.148	0.239
16.590	26.932	0.239
16.600	26.713	0.239