Motion Sensor Data File Oct 15, 2024 2:32 PM
Time (s)	Velocity (cm/s)
0.000	NaN
0.010	2.107
0.020	3.397
0.030	5.977
0.040	9.460
0.050	10.707
0.060	14.147
0.070	15.910
0.080	18.447
0.090	19.307
0.100	22.317
0.110	22.747
0.120	24.080
0.130	26.187
0.140	26.187
0.150	28.337
0.160	28.380
0.170	28.337
0.180	30.057
0.190	29.197
0.200	28.380
0.210	30.057
0.220	28.337
0.230	26.617
0.240	26.617
0.250	24.940
0.260	23.607
0.270	22.317
0.280	20.167
0.290	19.350
0.300	15.437
0.310	14.147
0.320	12.857
0.330	9.030
0.340	7.267
0.350	5.977
0.360	2.107
0.370	-0.430
0.380	-1.333
0.390	-5.203
0.400	-8.600
0.410	-9.073
0.420	-12.513
0.430	-13.330
0.440	-17.243
0.450	-18.963
0.460	-19.780
0.470	-22.403
0.480	-24.553
0.490	-24.510
0.500	-25.843
0.510	-27.563
0.520	-27.520
0.530	-28.853
0.540	-29.283
0.550	-28.380
0.560	-29.283
0.570	-28.423
0.580	-29.240
0.590	-27.993
0.600	-26.660
0.610	-26.273
0.620	-24.553
0.630	-22.790
0.640	-21.973
0.650	-19.823
0.660	-16.770
0.670	-15.523
0.680	-14.233
0.690	-10.320
0.700	-9.503
0.710	-5.633
0.720	-5.203
0.730	-2.580
0.740	1.677
0.750	2.967
0.760	5.590
0.770	8.987
0.780	9.847
0.790	12.857
0.800	15.910
0.810	17.587
0.820	18.447
0.830	22.317
0.840	21.930
0.850	24.467
0.860	25.327
0.870	26.187
0.880	27.950
0.890	27.477
0.900	28.337
0.910	29.627
0.920	28.767
0.930	29.670
0.940	30.057
0.950	27.907
0.960	26.617
0.970	27.090
0.980	25.327
0.990	24.897
1.000	21.887
1.010	20.597
1.020	19.350
1.030	16.727
1.040	14.147
1.050	13.717
1.060	10.320
1.070	7.267
1.080	6.837
1.090	2.580
1.100	-0.043
1.110	-0.473
1.120	-4.773
1.130	-5.590
1.140	-9.503
1.150	-12.083
1.160	-12.900
1.170	-16.813
1.180	-18.533
1.190	-19.350
1.200	-21.973
1.210	-24.123
1.220	-23.650
1.230	-26.273
1.240	-27.563
1.250	-27.090
1.260	-28.853
1.270	-27.520
1.280	-29.283
1.290	-29.713
1.300	-27.520
1.310	-29.713
1.320	-28.423
1.330	-26.230
1.340	-26.703
1.350	-25.843
1.360	-23.650
1.370	-21.113
1.380	-21.113
1.390	-17.630
1.400	-15.953
1.410	-13.373
1.420	-12.470
1.430	-9.073
1.440	-6.493
1.450	-5.590
1.460	-3.053
1.470	0.817
1.480	2.107
1.490	4.730
1.500	8.127
1.510	8.987
1.520	12.900
1.530	15.437
1.540	15.867
1.550	19.737
1.560	20.210
1.570	21.457
1.580	24.467
1.590	24.897
1.600	25.327
1.610	28.380
1.620	27.047
1.630	28.337
1.640	30.057
1.650	28.380
1.660	29.197
1.670	29.627
1.680	27.477
1.690	28.337
1.700	27.090
1.710	24.897
1.720	24.897
1.730	22.747
1.740	20.640
1.750	20.167
1.760	17.587
1.770	14.577
1.780	14.190
1.790	10.707
1.800	8.127
1.810	7.267
1.820	3.440
1.830	2.107
1.840	-1.763
1.850	-3.870
1.860	-5.203
1.870	-9.073
1.880	-11.180
1.890	-12.513
1.900	-15.523
1.910	-18.060
1.920	-18.103
1.930	-21.973
1.940	-23.220
1.950	-23.263
1.960	-26.273
1.970	-26.230
1.980	-27.563
1.990	-27.993
2.000	-27.950
2.010	-29.713
2.020	-29.713
2.030	-27.950
2.040	-29.283
2.050	-27.993
2.060	-26.660
2.070	-27.133
2.080	-26.273
2.090	-22.790
2.100	-22.403
2.110	-19.780
2.120	-18.963
2.130	-17.673
2.140	-13.330
2.150	-13.373
2.160	-10.363
2.170	-6.493
2.180	-6.020
2.190	-3.913
2.200	-0.043
2.210	1.720
2.220	3.827
2.230	7.697
2.240	8.557
2.250	12.900
2.260	13.287
2.270	15.867
2.280	19.307
2.290	19.350
2.300	21.027
2.310	24.467
2.320	24.467
2.330	24.940
2.340	27.907
2.350	27.047
2.360	27.907
2.370	30.100
2.380	28.337
2.390	29.627
2.400	28.337
2.410	28.337
2.420	29.240
2.430	27.047
2.440	25.327
2.450	25.327
2.460	22.790
2.470	21.027
2.480	21.027
2.490	17.587
2.500	15.910
2.510	14.577
2.520	11.137
2.530	9.847
2.540	6.450
2.550	4.257
2.560	2.967
2.570	-0.903
2.580	-3.870
2.590	-4.773
2.600	-7.783
2.610	-10.320
2.620	-12.513
2.630	-14.663
2.640	-18.060
2.650	-17.673
2.660	-21.113
2.670	-21.500
2.680	-24.123
2.690	-26.273
2.700	-25.370
2.710	-27.133
2.720	-28.423
2.730	-27.950
2.740	-29.713
2.750	-29.283
2.760	-27.950
2.770	-29.283
2.780	-28.380
2.790	-26.703
2.800	-27.133
2.810	-24.510
2.820	-24.553
2.830	-23.693
2.840	-20.210
2.850	-19.393
2.860	-18.103
2.870	-13.760
2.880	-14.233
2.890	-11.223
2.900	-7.310
2.910	-6.493
2.920	-4.343
2.930	-0.903
2.940	1.290
2.950	4.687
2.960	5.977
2.970	7.740
2.980	11.997
2.990	13.287
3.000	14.577
3.010	18.920
3.020	18.447
3.030	21.027
3.040	24.037
3.050	23.650
3.060	24.897
3.070	27.047
3.080	27.047
3.090	29.197
3.100	28.380
3.110	28.337
3.120	30.057
3.130	28.337
3.140	28.380
3.150	29.197
3.160	26.187
3.170	25.757
3.180	25.757
3.190	23.650
3.200	21.027
3.210	21.457
3.220	18.017
3.230	17.630
3.240	13.717
3.250	11.997
3.260	10.707
3.270	6.880
3.280	4.687
3.290	3.827
3.300	-0.430
3.310	-2.623
3.320	-3.483
3.330	-7.740
3.340	-9.933
3.350	-11.223
3.360	-14.663
3.370	-15.050
3.380	-18.963
3.390	-20.683
3.400	-21.070
3.410	-24.123
3.420	-24.983
3.430	-24.940
3.440	-27.133
3.450	-28.810
3.460	-27.563
3.470	-28.853
3.480	-29.240
3.490	-27.993
3.500	-29.283
3.510	-27.520
3.520	-27.993
3.530	-27.563
3.540	-24.940
3.550	-24.983
3.560	-24.123
3.570	-20.210
3.580	-19.823
3.590	-18.963
3.600	-14.190
3.610	-14.233
3.620	-12.083
3.630	-7.740
3.640	-6.923
3.650	-3.483
3.660	-2.580
3.670	0.387
3.680	3.827
3.690	5.117
3.700	6.880
3.710	11.137
3.720	12.857
3.730	13.760
3.740	18.877
3.750	18.017
3.760	20.597
3.770	23.220
3.780	23.177
3.790	26.187
3.800	25.757
3.810	27.047
3.820	28.810
3.830	27.477
3.840	28.337
3.850	30.487
3.860	28.810
3.870	27.907
3.880	29.197
3.890	26.187
3.900	26.187
3.910	26.660
3.920	23.177
3.930	23.607
3.940	20.167
3.950	18.490
3.960	18.017
3.970	14.147
3.980	12.427
3.990	11.610
4.000	7.267
4.010	5.547
4.020	4.257
4.030	0.430
4.040	-2.193
4.050	-3.053
4.060	-6.880
4.070	-7.783
4.080	-12.083
4.090	-13.760
4.100	-14.663
4.110	-18.533
4.120	-19.780
4.130	-20.683
4.140	-23.693
4.150	-24.510
4.160	-24.983
4.170	-27.133
4.180	-28.380
4.190	-27.133
4.200	-29.283
4.210	-27.520
4.220	-29.713
4.230	-29.283
4.240	-27.090
4.250	-28.423
4.260	-27.520
4.270	-24.983
4.280	-25.843
4.290	-23.650
4.300	-20.683
4.310	-21.113
4.320	-18.490
4.330	-15.523
4.340	-14.663
4.350	-12.470
4.360	-8.213
4.370	-7.783
4.380	-4.343
4.390	-3.440
4.400	-0.473
4.410	3.397
4.420	4.730
4.430	6.407
4.440	10.277
4.450	12.427
4.460	13.330
4.470	17.587
4.480	18.017
4.490	19.737
4.500	22.790
4.510	22.747
4.520	25.757
4.530	25.327
4.540	27.090
4.550	28.337
4.560	27.477
4.570	28.337
4.580	30.057
4.590	28.380
4.600	28.337
4.610	28.767
4.620	27.477
4.630	26.230
4.640	26.617
4.650	23.607
4.660	23.607
4.670	21.070
4.680	18.447
4.690	18.447
4.700	15.007
4.710	12.900
4.720	11.997
4.730	8.557
4.740	5.547
4.750	4.730
4.760	1.247
4.770	-1.333
4.780	-2.580
4.790	-6.063
4.800	-6.923
4.810	-11.223
4.820	-13.760
4.830	-13.803
4.840	-18.103
4.850	-19.350
4.860	-19.823
4.870	-23.263
4.880	-24.510
4.890	-24.553
4.900	-27.133
4.910	-27.090
4.920	-27.133
4.930	-28.810
4.940	-27.993
4.950	-29.283
4.960	-28.810
4.970	-27.993
4.980	-28.423
4.990	-27.950
5.000	-24.983
5.010	-26.273
5.020	-24.080
5.030	-21.543
5.040	-21.113
5.050	-18.920
5.060	-16.383
5.070	-14.663
5.080	-12.040
5.090	-10.363
5.100	-8.213
5.110	-4.730
5.120	-3.483
5.130	-1.333
5.140	2.580
5.150	3.827
5.160	5.977
5.170	9.417
5.180	11.610
5.190	13.287
5.200	16.297
5.210	18.017
5.220	20.210
5.230	21.027
5.240	22.747
5.250	25.327
5.260	24.940
5.270	26.187
5.280	28.337
5.290	27.477
5.300	28.337
5.310	29.670
5.320	28.337
5.330	27.907
5.340	29.197
5.350	27.520
5.360	27.907
5.370	24.897
5.380	24.037
5.390	24.037
5.400	21.070
5.410	19.307
5.420	19.307
5.430	15.437
5.440	12.900
5.450	12.857
5.460	8.557
5.470	6.880
5.480	5.547
5.490	1.677
5.500	0.387
5.510	-3.010
5.520	-5.633
5.530	-6.493
5.540	-10.320
5.550	-12.943
5.560	-13.803
5.570	-17.200
5.580	-18.533
5.590	-19.823
5.600	-22.360
5.610	-23.693
5.620	-24.553
5.630	-26.230
5.640	-25.843
5.650	-28.423
5.660	-28.810
5.670	-27.993
5.680	-29.283
5.690	-28.810
5.700	-27.993
5.710	-28.423
5.720	-27.950
5.730	-25.413
5.740	-25.800
5.750	-24.553
5.760	-21.973
5.770	-21.500
5.780	-18.103
5.790	-18.533
5.800	-15.050
5.810	-12.513
5.820	-11.653
5.830	-8.600
5.840	-5.203
5.850	-4.343
5.860	-1.763
5.870	2.150
5.880	2.967
5.890	5.547
5.900	8.600
5.910	10.707
5.920	14.147
5.930	14.147
5.940	17.200
5.950	19.737
5.960	20.597
5.970	22.317
5.980	24.467
5.990	24.940
6.000	25.757
6.010	27.907
6.020	27.907
6.030	27.950
6.040	29.197
6.050	28.337
6.060	29.627
6.070	28.380
6.080	27.477
6.090	27.907
6.100	25.327
6.110	24.897
6.120	24.510
6.130	21.457
6.140	19.737
6.150	19.307
6.160	16.340
6.170	13.717
6.180	13.287
6.190	9.417
6.200	9.030
6.210	4.687
6.220	2.107
6.230	1.720
6.240	-3.053
6.250	-4.773
6.260	-6.063
6.270	-9.460
6.280	-12.513
6.290	-12.943
6.300	-16.340
6.310	-18.533
6.320	-18.963
6.330	-22.360
6.340	-22.403
6.350	-24.983
6.360	-25.370
6.370	-26.273
6.380	-27.993
6.390	-28.810
6.400	-27.563
6.410	-28.810
6.420	-29.283
6.430	-27.563
6.440	-28.380
6.450	-27.993
6.460	-25.413
6.470	-26.230
6.480	-23.693
6.490	-24.123
6.500	-21.500
6.510	-18.963
6.520	-18.533
6.530	-15.910
6.540	-12.513
6.550	-12.083
6.560	-9.460
6.570	-5.633
6.580	-5.203
6.590	-2.150
6.600	0.817
6.610	2.967
6.620	5.547
6.630	6.880
6.640	9.417
6.650	13.717
6.660	13.717
6.670	16.770
6.680	19.307
6.690	20.597
6.700	21.457
6.710	24.080
6.720	24.467
6.730	25.757
6.740	27.477
6.750	27.520
6.760	28.767
6.770	28.337
6.780	28.337
6.790	29.627
6.800	27.950
6.810	27.047
6.820	28.337
6.830	26.187
6.840	24.940
6.850	24.467
6.860	21.887
6.870	20.597
6.880	19.350
6.890	17.157
6.900	15.437
6.910	12.427
6.920	10.320
6.930	8.987
6.940	5.547
6.950	2.967
6.960	1.720
6.970	-1.763
6.980	-3.913
6.990	-5.590
7.000	-9.073
7.010	-11.653
7.020	-12.040
7.030	-15.953
7.040	-16.383
7.050	-19.780
7.060	-21.543
7.070	-22.403
7.080	-24.080
7.090	-25.843
7.100	-25.843
7.110	-27.950
7.120	-27.993
7.130	-27.563
7.140	-28.810
7.150	-28.423
7.160	-27.993
7.170	-28.810
7.180	-26.703
7.190	-27.563
7.200	-26.660
7.210	-24.553
7.220	-23.220
7.230	-22.403
7.240	-19.823
7.250	-18.060
7.260	-17.243
7.270	-12.513
7.280	-13.373
7.290	-9.890
7.300	-6.063
7.310	-5.633
7.320	-1.720
7.330	-0.903
7.340	1.677
7.350	5.160
7.360	6.407
7.370	8.557
7.380	13.287
7.390	13.330
7.400	16.297
7.410	18.877
7.420	19.737
7.430	20.640
7.440	24.037
7.450	24.037
7.460	27.047
7.470	26.230
7.480	26.617
7.490	28.767
7.500	28.337
7.510	28.337
7.520	29.670
7.530	27.907
7.540	27.477
7.550	28.767
7.560	26.230
7.570	24.467
7.580	25.327
7.590	22.317
7.600	21.887
7.610	18.920
7.620	17.157
7.630	16.297
7.640	12.857
7.650	11.180
7.660	9.417
7.670	5.977
7.680	3.870
7.690	2.537
7.700	-1.333
7.710	-3.483
7.720	-4.730
7.730	-8.643
7.740	-9.503
7.750	-13.330
7.760	-14.663
7.770	-16.813
7.780	-18.920
7.790	-21.543
7.800	-21.113
7.810	-24.080
7.820	-25.413
7.830	-25.843
7.840	-26.660
7.850	-27.563
7.860	-27.563
7.870	-28.810
7.880	-28.423
7.890	-28.810
7.900	-28.853
7.910	-26.703
7.920	-27.520
7.930	-27.133
7.940	-24.123
7.950	-23.650
7.960	-22.833
7.970	-20.253
7.980	-18.920
7.990	-17.673
8.000	-13.373
8.010	-13.330
8.020	-9.503
8.030	-8.213
8.040	-6.450
8.050	-2.623
8.060	-1.333
8.070	1.247
8.080	5.160
8.090	5.977
8.100	8.127
8.110	12.040
8.120	12.857
8.130	15.007
8.140	18.447
8.150	18.920
8.160	21.887
8.170	22.747
8.180	23.607
8.190	25.757
8.200	26.230
8.210	27.047
8.220	28.337
8.230	28.337
8.240	27.950
8.250	29.197
8.260	27.907
8.270	28.337
8.280	28.337
8.290	26.230
8.300	26.187
8.310	24.037
8.320	23.177
8.330	21.930
8.340	19.737
8.350	17.157
8.360	17.157
8.370	13.330
8.380	11.137
8.390	10.277
8.400	6.837
8.410	4.300
8.420	3.397
8.430	-0.473
8.440	-1.720
8.450	-5.203
8.460	-7.783
8.470	-8.600
8.480	-12.943
8.490	-14.663
8.500	-15.523
8.510	-18.490
8.520	-20.683
8.530	-20.640
8.540	-23.693
8.550	-25.413
8.560	-24.510
8.570	-27.133
8.580	-26.703
8.590	-28.810
8.600	-28.853
8.610	-27.563
8.620	-29.240
8.630	-28.853
8.640	-26.703
8.650	-27.520
8.660	-26.703
8.670	-24.983
8.680	-24.080
8.690	-23.693
8.700	-19.823
8.710	-19.350
8.720	-16.813
8.730	-15.523
8.740	-13.760
8.750	-10.363
8.760	-8.643
8.770	-6.450
8.780	-3.053
8.790	-1.763
8.800	0.430
8.810	4.257
8.820	4.687
8.830	7.267
8.840	12.040
8.850	12.427
8.860	15.007
8.870	17.587
8.880	18.060
8.890	21.887
8.900	22.317
8.910	22.747
8.920	25.370
8.930	25.757
8.940	26.617
8.950	28.337
8.960	27.520
8.970	28.337
8.980	29.197
8.990	28.337
9.000	29.197
9.010	27.090
9.020	26.187
9.030	27.047
9.040	24.467
9.050	23.220
9.060	22.747
9.070	19.737
9.080	18.017
9.090	17.200
9.100	13.717
9.110	12.427
9.120	10.707
9.130	7.310
9.140	5.977
9.150	2.967
9.160	-0.043
9.170	-1.290
9.180	-4.773
9.190	-6.923
9.200	-8.170
9.210	-12.083
9.220	-13.803
9.230	-15.050
9.240	-18.103
9.250	-20.253
9.260	-20.210
9.270	-23.263
9.280	-23.693
9.290	-25.370
9.300	-27.133
9.310	-26.703
9.320	-28.380
9.330	-28.423
9.340	-27.563
9.350	-28.810
9.360	-29.283
9.370	-27.090
9.380	-27.563
9.390	-27.133
9.400	-24.080
9.410	-25.413
9.420	-21.973
9.430	-21.500
9.440	-20.683
9.450	-16.813
9.460	-16.340
9.470	-13.803
9.480	-11.223
9.490	-9.460
9.500	-6.923
9.510	-3.913
9.520	-2.580
9.530	-0.473
9.540	3.397
9.550	4.687
9.560	6.880
9.570	10.707
9.580	12.427
9.590	14.577
9.600	16.340
9.610	17.587
9.620	21.457
9.630	21.027
9.640	22.790
9.650	25.757
9.660	24.897
9.670	26.187
9.680	28.380
9.690	27.047
9.700	28.337
9.710	29.627
9.720	27.907
9.730	28.810
9.740	27.047
9.750	26.617
9.760	27.477
9.770	24.940
9.780	22.747
9.790	23.607
9.800	20.167
9.810	18.490
9.820	17.587
9.830	15.007
9.840	11.997
9.850	12.040
9.860	7.697
9.870	6.837
9.880	2.967
9.890	0.860
9.900	-0.043
9.910	-4.343
9.920	-6.450
9.930	-7.353
9.940	-11.653
9.950	-12.900
9.960	-14.233
9.970	-18.103
9.980	-19.350
9.990	-19.823
10.000	-23.263
10.010	-22.360
10.020	-25.843
10.030	-26.703
10.040	-26.230
10.050	-27.993
10.060	-27.993
10.070	-27.950
10.080	-28.853
10.090	-28.853
10.100	-27.090
10.110	-27.993
10.120	-27.133
10.130	-24.940
10.140	-25.413
10.150	-21.973
10.160	-22.360
10.170	-21.113
10.180	-16.813
10.190	-17.630
10.200	-13.803
10.210	-11.653
10.220	-10.320
10.230	-7.783
10.240	-4.343
10.250	-3.010
10.260	-0.903
10.270	2.967
10.280	3.870
10.290	7.267
10.300	8.557
10.310	11.997
10.320	13.760
10.330	15.437
10.340	17.157
10.350	21.027
10.360	20.210
10.370	22.317
10.380	25.757
10.390	24.897
10.400	26.230
10.410	27.907
10.420	27.047
10.430	29.197
10.440	28.337
10.450	27.520
10.460	28.767
10.470	27.477
10.480	27.047
10.490	27.520
10.500	24.467
10.510	23.177
10.520	24.037
10.530	20.597
10.540	18.920
10.550	18.017
10.560	15.437
10.570	14.147
10.580	11.180
10.590	8.557
10.600	7.267
10.610	3.440
10.620	1.677
10.630	0.387
10.640	-3.483
10.650	-6.020
10.660	-6.493
10.670	-11.223
10.680	-12.470
10.690	-13.803
10.700	-17.243
10.710	-17.200
10.720	-21.113
10.730	-21.973
10.740	-22.360
10.750	-25.843
10.760	-26.273
10.770	-24.940
10.780	-27.993
10.790	-28.423
10.800	-27.950
10.810	-28.853
10.820	-28.810
10.830	-26.703
10.840	-28.423
10.850	-25.800
10.860	-26.703
10.870	-25.413
10.880	-21.930
10.890	-23.263
10.900	-20.683
10.910	-18.060
10.920	-17.243
10.930	-15.093
10.940	-12.040
10.950	-11.223
10.960	-8.213
10.970	-4.730
10.980	-3.913
10.990	-0.473
11.000	1.247
11.010	3.440
11.020	6.837
11.030	7.697
11.040	10.750
11.050	13.717
11.060	14.577
11.070	16.727
11.080	20.210
11.090	19.737
11.100	22.747
11.110	24.467
11.120	24.467
11.130	27.090
11.140	26.617
11.150	27.047
11.160	28.767
11.170	27.950
11.180	27.907
11.190	29.197
11.200	27.477
11.210	27.090
11.220	27.047
11.230	24.467
11.240	24.467
11.250	24.037
11.260	21.070
11.270	21.027
11.280	17.157
11.290	15.867
11.300	14.620
11.310	11.567
11.320	8.987
11.330	8.127
11.340	4.300
11.350	2.107
11.360	0.817
11.370	-2.580
11.380	-5.203
11.390	-6.063
11.400	-10.320
11.410	-10.793
11.420	-13.803
11.430	-16.770
11.440	-16.813
11.450	-20.683
11.460	-21.500
11.470	-22.403
11.480	-24.983
11.490	-25.370
11.500	-25.413
11.510	-28.423
11.520	-28.380
11.530	-27.133
11.540	-28.853
11.550	-27.090
11.560	-28.423
11.570	-27.993
11.580	-26.230
11.590	-26.703
11.600	-25.413
11.610	-23.220
11.620	-23.263
11.630	-21.113
11.640	-18.490
11.650	-17.673
11.660	-16.383
11.670	-12.040
11.680	-12.083
11.690	-7.353
11.700	-6.880
11.710	-4.343
11.720	-0.473
11.730	0.000
11.740	2.967
11.750	5.977
11.760	7.267
11.770	9.460
11.780	13.717
11.790	13.287
11.800	17.157
11.810	19.350
11.820	19.737
11.830	23.177
11.840	22.747
11.850	24.080
11.860	27.047
11.870	26.187
11.880	27.477
11.890	28.380
11.900	27.477
11.910	27.907
11.920	29.627
11.930	27.047
11.940	27.090
11.950	27.047
11.960	25.757
11.970	25.757
11.980	22.790
11.990	21.457
12.000	21.457
12.010	17.587
12.020	16.340
12.030	15.437
12.040	11.567
12.050	9.847
12.060	9.030
12.070	4.687
12.080	2.967
12.090	1.290
12.100	-2.193
12.110	-3.053
12.120	-6.493
12.130	-9.890
12.140	-10.363
12.150	-13.373
12.160	-15.910
12.170	-16.813
12.180	-19.823
12.190	-21.070
12.200	-21.973
12.210	-24.553
12.220	-24.940
12.230	-25.843
12.240	-27.993
12.250	-26.660
12.260	-27.993
12.270	-28.380
12.280	-27.563
12.290	-28.423
12.300	-28.380
12.310	-26.273
12.320	-26.703
12.330	-25.800
12.340	-23.693
12.350	-23.693
12.360	-21.070
12.370	-19.393
12.380	-17.673
12.390	-15.910
12.400	-13.373
12.410	-12.943
12.420	-8.170
12.430	-6.923
12.440	-4.773
12.450	-1.720
12.460	-0.473
12.470	2.107
12.480	5.547
12.490	6.450
12.500	8.987
12.510	14.147
12.520	12.427
12.530	18.060
12.540	16.297
12.550	20.597
12.560	21.887
12.570	22.360
12.580	24.467
12.590	26.187
12.600	25.757
12.610	26.660
12.620	28.767
12.630	27.907
12.640	27.907
12.650	29.197
12.660	27.090
12.670	27.907
12.680	26.617
12.690	26.187
12.700	25.370
12.710	23.177
12.720	21.887
12.730	21.457
12.740	18.490
12.750	16.727
12.760	15.867
12.770	12.427
12.780	10.750
12.790	8.987
12.800	5.547
12.810	4.257
12.820	0.860
12.830	-1.333
12.840	-2.623
12.850	-6.020
12.860	-8.643
12.870	-9.933
12.880	-12.900
12.890	-15.523
12.900	-15.953
12.910	-18.920
12.920	-21.113
12.930	-21.543
12.940	-23.220
12.950	-24.123
12.960	-26.703
12.970	-27.090
12.980	-25.843
12.990	-28.423
13.000	-28.810
13.010	-27.563
13.020	-28.853
13.030	-27.950
13.040	-26.703
13.050	-26.703
13.060	-26.230
13.070	-23.693
13.080	-23.263
13.090	-21.070
13.100	-21.113
13.110	-18.060
13.120	-16.383
13.130	-13.803
13.140	-12.943
13.150	-9.460
13.160	-8.213
13.170	-5.203
13.180	-2.150
13.190	-0.903
13.200	1.247
13.210	5.160
13.220	5.977
13.230	9.417
13.240	11.137
13.250	12.900
13.260	16.727
13.270	16.297
13.280	19.737
13.290	21.070
13.300	22.747
13.310	23.607
13.320	25.757
13.330	25.800
13.340	26.187
13.350	28.337
13.360	27.907
13.370	28.767
13.380	27.950
13.390	27.477
13.400	28.337
13.410	27.047
13.420	25.370
13.430	25.757
13.440	24.037
13.450	22.317
13.460	21.500
13.470	19.307
13.480	16.727
13.490	16.297
13.500	13.330
13.510	11.997
13.520	8.557
13.530	6.407
13.540	5.160
13.550	1.677
13.560	-0.473
13.570	-2.193
13.580	-5.590
13.590	-8.213
13.600	-9.503
13.610	-12.040
13.620	-14.663
13.630	-15.523
13.640	-18.490
13.650	-19.393
13.660	-21.973
13.670	-23.220
13.680	-24.123
13.690	-25.843
13.700	-26.230
13.710	-26.273
13.720	-28.423
13.730	-28.810
13.740	-27.563
13.750	-28.380
13.760	-27.993
13.770	-26.703
13.780	-27.520
13.790	-24.983
13.800	-24.983
13.810	-23.650
13.820	-21.543
13.830	-21.113
13.840	-18.920
13.850	-15.953
13.860	-15.093
13.870	-13.330
13.880	-9.933
13.890	-8.643
13.900	-6.020
13.910	-2.623
13.920	-1.763
13.930	2.107
13.940	3.010
13.950	5.117
13.960	9.417
13.970	10.750
13.980	12.427
13.990	15.437
14.000	16.727
14.010	18.490
14.020	20.597
14.030	22.317
14.040	22.747
14.050	25.370
14.060	25.757
14.070	27.907
14.080	26.617
14.090	27.477
14.100	28.810
14.110	27.907
14.120	27.477
14.130	28.767
14.140	26.660
14.150	25.327
14.160	26.187
14.170	24.467
14.180	22.317
14.190	21.930
14.200	19.737
14.210	18.447
14.220	15.867
14.230	13.760
14.240	12.427
14.250	9.847
14.260	6.407
14.270	6.020
14.280	1.677
14.290	-0.043
14.300	-1.290
14.310	-4.773
14.320	-7.353
14.330	-8.600
14.340	-12.083
14.350	-13.803
14.360	-15.050
14.370	-17.673
14.380	-18.963
14.390	-21.500
14.400	-23.263
14.410	-23.693
14.420	-24.940
14.430	-26.273
14.440	-26.273
14.450	-28.380
14.460	-27.993
14.470	-27.563
14.480	-28.380
14.490	-28.853
14.500	-26.703
14.510	-27.090
14.520	-24.983
14.530	-25.413
14.540	-24.510
14.550	-21.973
14.560	-20.210
14.570	-20.253
14.580	-16.383
14.590	-15.953
14.600	-13.760
14.610	-10.793
14.620	-9.073
14.630	-6.880
14.640	-3.483
14.650	-1.763
14.660	1.290
14.670	2.537
14.680	4.687
14.690	8.557
14.700	9.890
14.710	11.997
14.720	14.147
14.730	16.770
14.740	17.157
14.750	21.027
14.760	21.457
14.770	22.317
14.780	25.370
14.790	24.897
14.800	27.477
14.810	27.047
14.820	26.660
14.830	29.197
14.840	28.337
14.850	27.477
14.860	28.380
14.870	26.617
14.880	25.757
14.890	27.477
14.900	23.607
14.910	22.790
14.920	23.177
14.930	19.307
14.940	19.307
14.950	16.340
14.960	14.147
14.970	13.287
14.980	9.847
14.990	7.740
15.000	6.407
15.010	2.967
15.020	0.430
15.030	-0.903
15.040	-3.913
15.050	-6.923
15.060	-7.740
15.070	-11.653
15.080	-11.653
15.090	-15.910
15.100	-17.673
15.110	-18.103
15.120	-21.070
15.130	-22.833
15.140	-22.833
15.150	-24.510
15.160	-26.703
15.170	-26.273
15.180	-27.520
15.190	-28.423
15.200	-26.660
15.210	-28.853
15.220	-27.133
15.230	-27.950
15.240	-27.133
15.250	-25.413
15.260	-25.800
15.270	-24.983
15.280	-21.543
15.290	-21.500
15.300	-20.683
15.310	-16.383
15.320	-17.200
15.330	-13.373
15.340	-11.653
15.350	-9.890
15.360	-6.063
15.370	-5.203
15.380	-2.580
15.390	0.387
15.400	1.677
15.410	4.257
15.420	7.310
15.430	8.987
15.440	11.997
15.450	13.717
15.460	15.910
15.470	16.727
15.480	21.027
15.490	20.597
15.500	23.650
15.510	23.607
15.520	24.467
15.530	27.047
15.540	26.660
15.550	27.047
15.560	28.767
15.570	27.907
15.580	27.477
15.590	28.380
15.600	27.047
15.610	26.617
15.620	26.617
15.630	24.080
15.640	24.037
15.650	22.317
15.660	19.737
15.670	20.210
15.680	16.297
15.690	15.007
15.700	13.717
15.710	10.320
15.720	8.557
15.730	6.837
15.740	3.827
15.750	0.860
15.760	-0.043
15.770	-3.913
15.780	-4.300
15.790	-8.643
15.800	-10.793
15.810	-11.610
15.820	-15.093
15.830	-17.243
15.840	-17.200
15.850	-20.683
15.860	-22.403
15.870	-21.930
15.880	-24.983
15.890	-26.703
15.900	-25.370
15.910	-27.133
15.920	-26.703
15.930	-28.380
15.940	-28.853
15.950	-27.133
15.960	-27.950
15.970	-27.563
15.980	-25.413
15.990	-25.800
16.000	-25.413
16.010	-21.930
16.020	-21.973
16.030	-21.113
16.040	-16.770
16.050	-17.243
16.060	-12.943
16.070	-12.943
16.080	-11.180
16.090	-6.493
16.100	-5.633
16.110	-3.440
16.120	-0.043
16.130	1.247
16.140	3.440
16.150	6.837
16.160	8.127
16.170	11.567
16.180	13.760
16.190	15.007
16.200	17.587
16.210	19.307
16.220	19.350
16.230	23.607
16.240	23.177
16.250	24.037
16.260	26.660
16.270	26.187
16.280	27.047
16.290	28.767
16.300	27.477
16.310	27.520
16.320	28.767
16.330	27.477
16.340	27.907
16.350	24.940
16.360	24.467
16.370	25.327
16.380	21.887
16.390	20.210
16.400	20.597
16.410	17.157
16.420	15.007
16.430	14.190
16.440	11.137
16.450	8.987
16.460	7.267
16.470	4.730
16.480	2.537
16.490	-0.903
16.500	-2.623
16.510	-4.300
16.520	-7.783
16.530	-10.363
16.540	-10.750
16.550	-14.233
16.560	-16.813
16.570	-16.770
16.580	-20.683
16.590	-21.543
16.600	-21.930
16.610	-24.983